2632,96
2632,96
2624,97
2639,96
2633,97
2623,96
2631,96
2621,97
2632,96
2631,97
2576,124
2583,124
2589,124
2580,125
2583,125
2583,125
2575,125
2595,126
2583,126
2588,126
2595,127
2579,127
2587,127
2588,128
2588,128
2597,128
2594,128
2588,129
2590,129
2592,129
2597,129
2601,130
2590,130
2593,130
2594,131
2591,131
2596,131
2585,131
2594,131
2599,132
2608,132
2605,132
2612,133
2602,133
2600,133
2605,133
2598,133
2598,133
2608,133
2596,133
2609,133
2601,133
2610,134
2611,134
2606,134
2606,134
2611,134
2604,134
2612,134
2610,134
2606,134
2613,134
2618,134
2615,134
2617,134
2609,134
2612,134
2617,134
2618,134
2621,135
2613,134
2618,134
2615,134
2626,134
2623,134
2618,134
2617,135
2621,135
2624,134
2626,134
2623,134
2619,134
2618,134
2631,134
2621,134
2631,134
2623,134
2620,134
2630,134
2629,134
2631,134
2629,134
2629,134
2639,134
2637,134
2629,134
2634,134
2630,134
2638,134
2637,134
2633,134
2630,50
2617,07
2620,06
2618,07
2582,224
2670,494
2933,583
3211,556
3517,231
3707,12
3678,05
3607,04
3526,05
3443,05
3385,05
3301,62
3235,180
3347,240
3632,316
3874,355
3803,357
3559,0010
3770,402
3680,419
3626,421
3752,492
3755,585
3673,609
3742,614
3785,658
3736,675
3777,677
3822,680
3808,684
3804,686
3857,688
3861,689
3851,689
3905,690
3926,690
3915,691
3958,692
3985,694
3977,697
4008,700
4048,704
4049,708
4071,711
4107,714
4134,717
4146,718
4182,719
4197,-0040
4251,722
4278,723
4280,723
4331,723
4361,724
4361,724
4398,724
4431,724
4456,724
4479,724
4518,724
4544,723
4546,723
4603,723
4614,722
4636,721
4684,721
4702,720
4716,720
4750,720
4773,720
4797,720
4814,720
4863,720
4877,720
4894,719
4946,719
4952,719
4963,712
5004,520
4978,0010
4544,06
4453,06
4346,06
4261,06
4156,06
4070,06
3965,06
3881,112
3777,187
3594,207
3441,209
3613,211
3517,140
3443,09
3435,06
3547,05
3534,05
3460,05
3493,05
3537,05
3483,05
3479,05
3508,05
3468,05
3449,05
3472,05
3443,05
3436,05
3456,05
3440,05
3436,-0020
3418,05
3412,05
3409,05
3416,05
3395,05
3406,05
3392,05
3376,05
3378,05
3384,05
3377,05
3361,05
3353,05
3347,05
3357,05
3351,05
3336,05
3332,05
3325,05
3332,05
3327,05
3308,05
3300,05
3309,05
3303,05
3293,05
3288,05
3290,05
3281,05
3265,05
3269,-0050
3247,05
3244,05
3254,05
3245,05
3230,05
3237,05
3232,05
3218,05
3224,05
3219,05
3204,05
3200,05
3206,05
3188,05
3183,05
3189,05
3173,05
3183,05
3176,05
3162,05
3162,05
3156,05
3146,05
3146,05
3132,05
3138,05
3136,05
3119,05
3123,05
3109,05
3113,-0040
3098,05
3102,05
3092,05
3095,05
3081,05
3075,05
3075,05
3059,05
3063,05
3048,05
3055,05
3044,05
3047,05
3033,05
3037,05
3023,05
3026,05
3018,05
2994,05
3000,05
2985,05
2998,05
3017,06
2979,06
2995,06
2988,05
2971,05
2966,05
2967,06
2948,08
2958,-0060
2956,72
2931,73
2954,73
2948,75
2947,75
2926,76
2913,77
2931,78
2927,79
2933,81
2925,82
2925,83
2905,85
2912,86
2906,87
2903,88
2907,89
2892,89
2899,89
2892,89
2891,90
2897,90
2889,90
2901,90
2884,90
2884,90
2888,90
2871,90
2880,90
2869,90
2869,-0030
2862,90
2868,90
2857,90
2861,90
2865,90
2854,90
2863,90
2856,48
2835,07
2814,05
2805,06
2843,06
2845,06
2793,06
2802,06
2828,09
2810,28
2802,59
2835,86
2812,93
2791,94
2813,95
2820,95
2827,96
2794,96
2772,96
2807,96
2792,96
2774,96
2786,96
2785,-0010
2780,96
2784,96
2766,96
2776,96
2779,96
2771,96
2766,96
2773,97
2770,97
2745,97
2747,97
2758,97
2753,97
2754,97
2771,97
2755,97
2750,97
2750,97
2746,97
2743,97
2739,97
2748,97
2742,97
2736,97
2747,97
2745,97
2727,97
2734,97
2735,97
2729,97
2730,0040
2725,97
2722,97
2719,97
2726,97
2731,97
2711,97
2714,97
2714,97
2703,97
2703,97
2705,97
2707,97
2709,97
2703,97
2694,53
2698,07
2687,05
2652,06
2653,06
2716,06
2687,06
2651,06
2674,05
2674,06
2655,08
2671,28
2656,52
2653,56
2646,56
2653,57
2638,-0020
2625,57
2641,57
2633,58
2618,57
2627,57
2634,58
2627,58
2623,58
2611,58
2597,57
2590,58
2582,58
2597,58
2605,57
2594,58
2587,58
2587,58
2580,58
2582,57
2580,58
2582,58
2576,57
2578,57
2577,57
2571,58
2562,57
2559,58
2555,58
2566,58
2558,57
2553,-0020
2538,57
2540,57
2541,57
2543,57
2547,58
2539,57
2532,57
2516,57
2505,57
2503,57
2516,58
2532,58
2522,58
2519,58
2509,58
2489,58
2468,57
2474,58
2494,58
2492,58
2489,58
2484,58
2475,58
2467,58
2471,58
2487,58
2496,57
2488,58
2475,58
2461,58
2452,-0040
2442,58
2457,58
2461,58
2466,59
2461,60
2452,60
2430,60
2422,60
2425,60
2429,60
2437,60
2437,60
2433,61
2438,60
2435,60
2435,61
2433,61
2415,60
2412,60
2413,60
2409,60
2406,60
2409,60
2403,60
2397,60
2401,60
2400,60
2401,60
2395,60
2404,60
2394,-0050
2375,60
2387,60
2388,60
2392,61
2394,61
2382,61
2379,61
2381,61
2381,61
2372,61
2365,61
2355,61
2360,61
2358,61
2362,61
2372,61
2374,61
2355,60
2337,60
2334,60
2350,60
2352,61
2353,61
2341,61
2340,61
2337,61
2344,61
2345,61
2344,61
2337,60
2328,-0070
2319,61
2319,61
2324,61
2327,61
2333,60
2325,61
2316,61
2310,61
2319,61
2313,61
2318,61
2323,60
2325,60
2302,60
2300,60
2298,61
2302,60
2296,61
2301,60
2304,60
2293,61
2298,61
2287,61
2273,60
2281,61
2296,60
2310,61
2309,60
2289,61
2266,60
2268,-0040
2279,61
2284,61
2274,60
2271,60
2276,60
2269,60
2260,60
2245,60
2253,60
2267,61
2270,61
2262,61
2258,61
2254,61
2260,61
2255,61
2245,61
2252,61
2249,61
2251,61
2245,61
2242,61
2237,61
2240,61
2238,61
2252,61
2254,61
2248,60
2238,60
2228,61
2234,-0050
2226,61
2228,61
2228,60
2227,61
2213,61
2224,60
2228,61
2218,61
2225,61
2219,61
2225,60
2222,61
2217,60
2204,60
2204,60
2206,61
2219,61
2215,61
2197,61
2205,61
2216,61
2216,61
2212,60
2209,61
2200,61
2196,60
2204,60
2209,60
2192,61
2194,61
2199,0000
2193,61
2193,61
2184,60
2190,61
2198,60
2187,60
2185,61
2196,60
2195,60
2172,61
2176,61
2184,61
2193,61
2178,61
2173,61
2175,60
2172,60
2182,60
2190,60
2186,61
2156,61
2169,60
2170,61
2169,61
2167,60
2166,61
2164,60
2161,60
2152,61
2146,60
2143,-0040
2173,60
2170,60
2163,60
2157,60
2150,60
2151,60
2149,61
2147,60
2144,61
2143,61
2149,60
2156,60
2158,61
2152,60
2143,60
2134,61
2131,60
2119,60
2114,60
2139,60
2161,60
2153,60
2136,60
2118,60
2112,60
2111,60
2110,60
2115,60
2128,60
2134,60
2126,-0050
2113,60
2112,60
2105,60
2104,60
2107,60
2115,60
2114,60
2111,60
2098,60
2095,60
2094,60
2089,60
2097,60
2111,60
2114,59
2104,22
2087,06
2072,06
2056,06
2076,06
2082,06
2069,06
2084,06
2088,05
2061,06
2081,05
2080,06
2032,05
2064,06
2082,06
2026,-0020
2070,05
2028,06
2035,06
2067,06
2037,06
2005,05
2038,06
2038,06
1998,06
2016,06
2027,06
1996,06
2005,06
2004,06
1981,06
1990,06
1984,06
1968,06
1991,06
1980,06
1980,06
1983,06
1953,06
1986,06
1975,06
1934,07
1953,07
1951,07
1932,07
1948,08
1953,-0030
1981,45
1946,46
1908,46
1891,47
1892,47
1926,47
1934,47
1932,48
1917,48
1909,48
1908,48
1899,48
1897,48
1896,48
1895,48
1898,47
1890,48
1891,48
1887,48
1888,48
1885,48
1881,48
1882,48
1873,48
1876,48
1876,48
1875,48
1865,48
1865,48
1860,48
1855,-0010
1855,48
1863,48
1853,48
1850,48
1848,48
1853,48
1846,48
1843,48
1844,48
1834,48
1833,48
1830,48
1835,48
1835,48
1838,48
1820,48
1821,48
1817,48
1809,48
1812,48
1818,48
1823,48
1821,48
1812,48
1819,48
1814,48
1809,48
1806,48
1810,48
1809,48
1808,-0030
1802,48
1800,48
1799,48
1796,48
1802,48
1801,48
1802,48
1797,48
1790,48
1786,48
1795,48
1799,48
1799,48
1782,48
1789,48
1793,48
1788,48
1783,48
1792,48
1789,48
1792,48
1793,48
1787,48
1789,48
1791,48
1789,48
1788,48
1784,48
1787,48
1786,48
1789,48
1781,48
1788,48
1784,48
1789,48
1794,48
1791,48
1787,48
1795,48
1785,22
1784,05
1774,05
1769,05
1754,05
1792,05
1809,05
1783,05
1765,05
1803,12
1792,13
1768,13
1775,14
1798,14
1772,14
1769,14
1792,15
1778,15
1775,15
1793,15
1781,15
1779,15
1779,16
1777,15
1777,16
1779,16
1769,15
1783,15
1788,15
1763,15
1777,15
1776,15
1764,16
1774,16
1774,15
1765,15
1776,16
1777,16
1771,16
1766,16
1774,16
1770,16
1765,16
1783,16
1774,16
1782,16
1799,16
1778,16
1763,16
1786,16
1773,16
